
average_train_ConfMat =

  107.7600  116.1800   93.0600
  102.0800  124.6500   90.2700
  102.4100  117.4800   97.1100


average_train_ClassMat =

    0.3399    0.3665    0.2936
    0.3220    0.3932    0.2848
    0.3231    0.3706    0.3063


average_test_ConfMat =

   26.5500   29.1600   23.2900
   25.2600   30.4600   23.2800
   25.8000   29.1000   24.1000


average_test_ClassMat =

    0.3361    0.3691    0.2948
    0.3197    0.3856    0.2947
    0.3266    0.3684    0.3051


average_train_acc =

    0.6930


average_train_std =

     0


average_test_acc =

    0.3422


average_test_std =

    0.2914